100
2 3 1992  
4 7 2005  
9 2 1987  
30 12 1976  
3 9 2011  
26 6 1999  
17 4 2002  
5 11 1981  
19 8 2020  
11 1 1965  
24 10 1994  
7 5 2019  
12 3 2010  
15 2 1973  
8 6 2008  
29 4 2001  
20 7 1998  
2 9 2015  
27 12 2013  
6 10 1980  
31 1 2021  
13 3 1979  
10 6 1984  
4 11 1991  
16 8 1990  
1 1 2000  
28 5 2007  
25 9 1996  
9 2 2018  
23 4 1986  
18 3 2014  
5 8 2012  
15 11 1995  
30 7 2003  
21 1 2010  
11 4 2016  
3 10 1989  
25 12 1970  
2 5 2022  
9 8 2015  
17 11 1998  
14 6 1985  
31 12 1993  
19 9 2006  
8 3 2023  
27 7 1994  
10 10 1978  
6 1 2001  
12 4 1980  
24 8 2019  
29 11 2012  
15 2 1997  
30 3 2004  
22 10 2017  
5 5 1991  
13 12 1983  
28 6 2009  
4 2 1971  
26 9 1995  
1 4 2020  
19 8 1988  
7 11 2013  
23 2 2016  
9 7 1982  
18 5 2011  
14 4 1979  
3 3 1984  
31 8 2002  
12 10 2000  
26 1 1999  
4 9 2022  
22 12 1985  
15 11 1981  
29 3 1994  
6 5 2021  
10 8 1996  
24 2 2018  
13 6 2007  
1 11 2010  
11 5 1974  
2 1 2019  
30 4 1980  
19 3 1986  
16 7 2023  
8 9 1997  
14 10 2008  
3 2 1990  
21 12 1984  
18 6 2005  
25 8 2022  
12 11 1993  
4 10 1991  
9 3 1975  
17 1 2004  
26 4 1998  
5 6 2020  
31 7 1982  
13 2 2006  
2 8 1995  
20 9 2014  
